1100011000 iiber 1110

0010000 0101ςο 100 010 ’10000100100000 001100, 0000 11000000 001
000 Capitolium 101100. 1110 Tepula 0100 gemat 00 00010110100000
8100000, 001 dem loten Μο1100010100, 2000 80001110 000 0001100
1100000000 0000100 000 00 00000 010 10 01000000 0001000 10010
81001 0010001.

9, 11000000000000110111. 0εο1000, 01000011 0000 001000 000100 ’
(10000101, 00100 0000 0001100 consulate 000 Imperator (10000 Au-
gustus und dem des L. Volcatius, 10010000 0000 0001101100οη
000 stadt 119, heim 2100 11101100010100 000 000 5100100, 00 000
101110100οθ0 5100000, 2000 80001110 000 0001100 1100000000 000010,
010 0100010001100001100110 01000 000000 10000000 000 11ος 000110-
01000 000 ’100010 ab. Dem gesammelten Wasser warde nach 000
010000 000 110000 10110 0010001001, 00000 0000000000 100000 so
00100111 00000, 0000 00001 010 0000οη000 Tepula 0100100001100.
1110 10011000 000 10110 0010001 0100101000 000 ¹⁵>⁴²ss¹l2= 001110-
genwerk 11000 000 Εο00 000 10000 00000 ganz 0000 00 000 81001
0000 1100 11101100010100 00 001 [1010000000ος 000 5283 001000
11001000 1100000000 000 0112 8000111ου. 110000 000110000ος 000
101Ιο 1110001 010 Wasser 000001, welches Crabra 0000001000.
1110000 00000000010 Agrippa 00100000000, 0ογ 00 0011 00 0001001
100 [001 00100000 00110, 0000 weil eres 000 Το000100100000 (10000-
1000110000 0000100000 00 0010000 01000100 0010100011οο 0001001000,
welches 0110 1100000100 010000 81010000 0000000001οο 001 00-
01100010 Tage 000 0000000 000010011100000000. 0000 01001 mit
0000011000 0100010000 00000 000000 1110000000 000 0000010000000
’10011 000001ου0 01010 000 170000110100010003 00010110 10 00000000
000000000ος 100000 01001 um 010 10110 00 0000100000, 010 010 0101-
·00000 000000011οη 00000 800000ος, 0100000 (1001000100 001000.
100 0000 daher 010 Crabra ausgeschlosson 000 001 001001 000
11010000 ganz 000 ’1000000000 01000000ςο0ος welche sie 10101

0101101001 011 00000001700000000000010000000, 10000 00 010000.
00010000 1100000 010 000 000000001100001100000000 00 0000001000
00000. 111010110 0000 001, 00000 0000000000ος 000 0010000000,
0000000 010 00001100 0000001 warde, ihr 1110000, 00001001 0000011-
chet Το0010000011 000 1010000011, 00001100. ln 0000001000 Jahn

 

