'Wasserleitungem 267

Vom 110000 ,1010 000100 0000001011) 100 81011 0010000011 80,

0010000000 11001100ος 104, 110 1101001100ίο 4041110100. 1110 11101-
000 120211, 100100 0000100 1000010110 10081011 0001100111 durch das
110, 310, 410, 510, 610 , 110, 810, 910, 1210 001 1410 810110100101
10 35 8011600000 000 diesen 0010000000 11001000ος 60, 000 Pri-
vatgehrauch 490, 000 0110011101οο (10100001 552 11001000 00000
00 1 hager 50, 00 191100000110000 195, 00 5 11110010 88, 00 94
800100 218 000100.

1100 100 Marcia 000100 0000011011) 100 stadt verausgaht 001 81.
(1000001100110000,ν 269,11020100110010 5681100100. 1110 11101300
1098 0110100 000100 1000010111 10081011000110111 durch das 110,
310, 410, 510, 610, 110, 810, 910,1010 001141081011010010110 51
8011000000 000 110000 00100000001100110000 116, 100 1101001100ῑο
543, 000 0100111010εο 1101000010 439, 00 4 hager 41, 00 15 Was-
001000οτ 41, 00 12 1100010104, 00 113 1100100 253 110100.

Von 100 Tepula 00010100 0000001011) 100 81011 0000000101ου1 82.

(1000000 11001000ος 58, 11010100110010 56 1110100. 1110 0101000 331
1110100 000100 1000010110 100 81011 0001110111 durch das 410, 510,
610 001110 810110100101 10 14 Schlt'isser: 000 110000 001 Caesam
Rechnung 34, fiir Ρο100110010 241, 000 0110011101006010000150
1001000 00000 00 111ος00 12, 00 311100εο01000 1, 0013800100
31 000100.

1100 10010110100000000000110110 100 810110010000000 110010- 83.
0000 85, 110 Ρο100110010 121 000100. 1110 0101300 591 1100100
0000100 10001101110081011 0001110111 durch 100 210, 310, 510, 610,
810, 10100011210810110100101 10118011100000 000 110000 001
Caesare Rechnung 18, 111οΡ0100110010 196, 000 0110011101θο (10-
100001 383 11110100 000000 00 3 hager 69, 00 1011000110οτ
182, 00 3 Κο0010 61, 00 28 8001000 65 000100.

Ι110 Virgo 11010010 00000011οΙ1) 100 51011 200 1110100. 1110 84.
0101000 2304 000100 00οτ100 1000010110 100 81011 0001110111 durch
100110, 910001 1410 8101101010] 10 18 801110000οι 000 diesen
001 0000001100110000549, 100 110100110010 338, 000 0100110100
1101000010 1411 0001οτ0 00000 00 21100010 26, an 25 11001000

 

